3.162277660168379e-06 1.0
1e-05 1.0
3.1622776601683795e-05 1.0
0.0001 0.03294504752180872
0.00031622776601683794 0.004971852862459251
0.001 0.0013743041056965542
0.0031622776601683794 0.0008052199080986804
0.01 0.00021824936017314029
0.03162277660168379 4.883821220605374e-05
0.1 2.6257427345372376e-05
0.31622776601683794 3.884024020338427e-05
1.0 6.646066500464355e-05
3.1622776601683795 5.317798499563226e-05
10.0 7.683763558400995e-05
31.622776601683793 0.00010817734498467022
100.0 0.0001687806372023969
316.22776601683796 0.00028174636233352444
1000.0 0.0004983958985120162
3162.2776601683795 0.0010241061227535628
10000.0 0.0026525381722384994
31622.776601683792 0.012135309976927997
100000.0 0.11110044590097035
316227.7660168379 1.0
1000000.0 1.0
